(kicad_pcb (version 20171130) (host pcbnew "(5.1.10)-1")

  (general
    (thickness 1.6)
    (drawings 0)
    (tracks 0)
    (zones 0)
    (modules 24)
    (nets 17)
  )

  (page A4)
  (layers
    (0 F.Cu signal)
    (31 B.Cu signal)
    (32 B.Adhes user)
    (33 F.Adhes user)
    (34 B.Paste user)
    (35 F.Paste user)
    (36 B.SilkS user)
    (37 F.SilkS user)
    (38 B.Mask user)
    (39 F.Mask user)
    (40 Dwgs.User user)
    (41 Cmts.User user)
    (42 Eco1.User user)
    (43 Eco2.User user)
    (44 Edge.Cuts user)
    (45 Margin user)
    (46 B.CrtYd user)
    (47 F.CrtYd user)
    (48 B.Fab user)
    (49 F.Fab user)
  )

  (setup
    (last_trace_width 0.8)
    (user_trace_width 0.5)
    (user_trace_width 0.7)
    (user_trace_width 0.8)
    (trace_clearance 0.2)
    (zone_clearance 0.508)
    (zone_45_only no)
    (trace_min 0.2)
    (via_size 0.8)
    (via_drill 0.4)
    (via_min_size 0.4)
    (via_min_drill 0.3)
    (user_via 1.4 0.7)
    (user_via 1.6 0.8)
    (uvia_size 0.3)
    (uvia_drill 0.1)
    (uvias_allowed no)
    (uvia_min_size 0.2)
    (uvia_min_drill 0.1)
    (edge_width 0.05)
    (segment_width 0.2)
    (pcb_text_width 0.3)
    (pcb_text_size 1.5 1.5)
    (mod_edge_width 0.12)
    (mod_text_size 1 1)
    (mod_text_width 0.15)
    (pad_size 1.524 1.524)
    (pad_drill 0.762)
    (pad_to_mask_clearance 0)
    (aux_axis_origin 0 0)
    (visible_elements 7FFFFFFF)
    (pcbplotparams
      (layerselection 0x010fc_ffffffff)
      (usegerberextensions false)
      (usegerberattributes true)
      (usegerberadvancedattributes true)
      (creategerberjobfile true)
      (excludeedgelayer true)
      (linewidth 0.100000)
      (plotframeref false)
      (viasonmask false)
      (mode 1)
      (useauxorigin false)
      (hpglpennumber 1)
      (hpglpenspeed 20)
      (hpglpendiameter 15.000000)
      (psnegative false)
      (psa4output false)
      (plotreference true)
      (plotvalue true)
      (plotinvisibletext false)
      (padsonsilk false)
      (subtractmaskfromsilk false)
      (outputformat 1)
      (mirror false)
      (drillshape 1)
      (scaleselection 1)
      (outputdirectory ""))
  )

  (net 0 "")
  (net 1 GND)
  (net 2 VCC)
  (net 3 "Net-(C5-Pad1)")
  (net 4 "Net-(C6-Pad1)")
  (net 5 "Net-(C7-Pad1)")
  (net 6 "Net-(C8-Pad1)")
  (net 7 "Net-(FB1-Pad1)")
  (net 8 "Net-(FB2-Pad1)")
  (net 9 "Net-(FB3-Pad1)")
  (net 10 "Net-(FB4-Pad1)")
  (net 11 /SD_MODE)
  (net 12 /GAIN)
  (net 13 /DIN)
  (net 14 /BCLK)
  (net 15 /LRCLK)
  (net 16 "Net-(R1-Pad1)")

  (net_class Default "This is the default net class."
    (clearance 0.2)
    (trace_width 0.25)
    (via_dia 0.8)
    (via_drill 0.4)
    (uvia_dia 0.3)
    (uvia_drill 0.1)
    (add_net /BCLK)
    (add_net /DIN)
    (add_net /GAIN)
    (add_net /LRCLK)
    (add_net /SD_MODE)
    (add_net GND)
    (add_net "Net-(C5-Pad1)")
    (add_net "Net-(C6-Pad1)")
    (add_net "Net-(C7-Pad1)")
    (add_net "Net-(C8-Pad1)")
    (add_net "Net-(FB1-Pad1)")
    (add_net "Net-(FB2-Pad1)")
    (add_net "Net-(FB3-Pad1)")
    (add_net "Net-(FB4-Pad1)")
    (add_net "Net-(R1-Pad1)")
    (add_net VCC)
  )

  (module Capacitor_SMD:C_0402_1005Metric (layer F.Cu) (tedit 5F68FEEE) (tstamp 614C6189)
    (at 148.145001 106.315001)
    (descr "Capacitor SMD 0402 (1005 Metric), square (rectangular) end terminal, IPC_7351 nominal, (Body size source: IPC-SM-782 page 76, https://www.pcb-3d.com/wordpress/wp-content/uploads/ipc-sm-782a_amendment_1_and_2.pdf), generated with kicad-footprint-generator")
    (tags capacitor)
    (path /613AE1A6)
    (attr smd)
    (fp_text reference C1 (at 0 -1.16) (layer F.SilkS)
      (effects (font (size 1 1) (thickness 0.15)))
    )
    (fp_text value 10uF (at 0 1.16) (layer F.Fab)
      (effects (font (size 1 1) (thickness 0.15)))
    )
    (fp_text user %R (at 0 0) (layer F.Fab)
      (effects (font (size 0.25 0.25) (thickness 0.04)))
    )
    (fp_line (start -0.5 0.25) (end -0.5 -0.25) (layer F.Fab) (width 0.1))
    (fp_line (start -0.5 -0.25) (end 0.5 -0.25) (layer F.Fab) (width 0.1))
    (fp_line (start 0.5 -0.25) (end 0.5 0.25) (layer F.Fab) (width 0.1))
    (fp_line (start 0.5 0.25) (end -0.5 0.25) (layer F.Fab) (width 0.1))
    (fp_line (start -0.107836 -0.36) (end 0.107836 -0.36) (layer F.SilkS) (width 0.12))
    (fp_line (start -0.107836 0.36) (end 0.107836 0.36) (layer F.SilkS) (width 0.12))
    (fp_line (start -0.91 0.46) (end -0.91 -0.46) (layer F.CrtYd) (width 0.05))
    (fp_line (start -0.91 -0.46) (end 0.91 -0.46) (layer F.CrtYd) (width 0.05))
    (fp_line (start 0.91 -0.46) (end 0.91 0.46) (layer F.CrtYd) (width 0.05))
    (fp_line (start 0.91 0.46) (end -0.91 0.46) (layer F.CrtYd) (width 0.05))
    (pad 2 smd roundrect (at 0.48 0) (size 0.56 0.62) (layers F.Cu F.Paste F.Mask) (roundrect_rratio 0.25)
      (net 1 GND))
    (pad 1 smd roundrect (at -0.48 0) (size 0.56 0.62) (layers F.Cu F.Paste F.Mask) (roundrect_rratio 0.25)
      (net 2 VCC))
    (model ${KISYS3DMOD}/Capacitor_SMD.3dshapes/C_0402_1005Metric.wrl
      (at (xyz 0 0 0))
      (scale (xyz 1 1 1))
      (rotate (xyz 0 0 0))
    )
  )

  (module Capacitor_SMD:C_0402_1005Metric (layer F.Cu) (tedit 5F68FEEE) (tstamp 614C619A)
    (at 142.405001 104.345001)
    (descr "Capacitor SMD 0402 (1005 Metric), square (rectangular) end terminal, IPC_7351 nominal, (Body size source: IPC-SM-782 page 76, https://www.pcb-3d.com/wordpress/wp-content/uploads/ipc-sm-782a_amendment_1_and_2.pdf), generated with kicad-footprint-generator")
    (tags capacitor)
    (path /613ADB00)
    (attr smd)
    (fp_text reference C2 (at 0 -1.16) (layer F.SilkS)
      (effects (font (size 1 1) (thickness 0.15)))
    )
    (fp_text value 0.1uF (at 0 1.16) (layer F.Fab)
      (effects (font (size 1 1) (thickness 0.15)))
    )
    (fp_line (start 0.91 0.46) (end -0.91 0.46) (layer F.CrtYd) (width 0.05))
    (fp_line (start 0.91 -0.46) (end 0.91 0.46) (layer F.CrtYd) (width 0.05))
    (fp_line (start -0.91 -0.46) (end 0.91 -0.46) (layer F.CrtYd) (width 0.05))
    (fp_line (start -0.91 0.46) (end -0.91 -0.46) (layer F.CrtYd) (width 0.05))
    (fp_line (start -0.107836 0.36) (end 0.107836 0.36) (layer F.SilkS) (width 0.12))
    (fp_line (start -0.107836 -0.36) (end 0.107836 -0.36) (layer F.SilkS) (width 0.12))
    (fp_line (start 0.5 0.25) (end -0.5 0.25) (layer F.Fab) (width 0.1))
    (fp_line (start 0.5 -0.25) (end 0.5 0.25) (layer F.Fab) (width 0.1))
    (fp_line (start -0.5 -0.25) (end 0.5 -0.25) (layer F.Fab) (width 0.1))
    (fp_line (start -0.5 0.25) (end -0.5 -0.25) (layer F.Fab) (width 0.1))
    (fp_text user %R (at 0 0) (layer F.Fab)
      (effects (font (size 0.25 0.25) (thickness 0.04)))
    )
    (pad 1 smd roundrect (at -0.48 0) (size 0.56 0.62) (layers F.Cu F.Paste F.Mask) (roundrect_rratio 0.25)
      (net 2 VCC))
    (pad 2 smd roundrect (at 0.48 0) (size 0.56 0.62) (layers F.Cu F.Paste F.Mask) (roundrect_rratio 0.25)
      (net 1 GND))
    (model ${KISYS3DMOD}/Capacitor_SMD.3dshapes/C_0402_1005Metric.wrl
      (at (xyz 0 0 0))
      (scale (xyz 1 1 1))
      (rotate (xyz 0 0 0))
    )
  )

  (module Capacitor_SMD:C_0402_1005Metric (layer F.Cu) (tedit 5F68FEEE) (tstamp 614C61AB)
    (at 148.145001 104.345001)
    (descr "Capacitor SMD 0402 (1005 Metric), square (rectangular) end terminal, IPC_7351 nominal, (Body size source: IPC-SM-782 page 76, https://www.pcb-3d.com/wordpress/wp-content/uploads/ipc-sm-782a_amendment_1_and_2.pdf), generated with kicad-footprint-generator")
    (tags capacitor)
    (path /613CE15D)
    (attr smd)
    (fp_text reference C3 (at 0 -1.16) (layer F.SilkS)
      (effects (font (size 1 1) (thickness 0.15)))
    )
    (fp_text value 10uF (at 0 1.16) (layer F.Fab)
      (effects (font (size 1 1) (thickness 0.15)))
    )
    (fp_line (start 0.91 0.46) (end -0.91 0.46) (layer F.CrtYd) (width 0.05))
    (fp_line (start 0.91 -0.46) (end 0.91 0.46) (layer F.CrtYd) (width 0.05))
    (fp_line (start -0.91 -0.46) (end 0.91 -0.46) (layer F.CrtYd) (width 0.05))
    (fp_line (start -0.91 0.46) (end -0.91 -0.46) (layer F.CrtYd) (width 0.05))
    (fp_line (start -0.107836 0.36) (end 0.107836 0.36) (layer F.SilkS) (width 0.12))
    (fp_line (start -0.107836 -0.36) (end 0.107836 -0.36) (layer F.SilkS) (width 0.12))
    (fp_line (start 0.5 0.25) (end -0.5 0.25) (layer F.Fab) (width 0.1))
    (fp_line (start 0.5 -0.25) (end 0.5 0.25) (layer F.Fab) (width 0.1))
    (fp_line (start -0.5 -0.25) (end 0.5 -0.25) (layer F.Fab) (width 0.1))
    (fp_line (start -0.5 0.25) (end -0.5 -0.25) (layer F.Fab) (width 0.1))
    (fp_text user %R (at 0 0) (layer F.Fab)
      (effects (font (size 0.25 0.25) (thickness 0.04)))
    )
    (pad 1 smd roundrect (at -0.48 0) (size 0.56 0.62) (layers F.Cu F.Paste F.Mask) (roundrect_rratio 0.25)
      (net 2 VCC))
    (pad 2 smd roundrect (at 0.48 0) (size 0.56 0.62) (layers F.Cu F.Paste F.Mask) (roundrect_rratio 0.25)
      (net 1 GND))
    (model ${KISYS3DMOD}/Capacitor_SMD.3dshapes/C_0402_1005Metric.wrl
      (at (xyz 0 0 0))
      (scale (xyz 1 1 1))
      (rotate (xyz 0 0 0))
    )
  )

  (module Capacitor_SMD:C_0402_1005Metric (layer F.Cu) (tedit 5F68FEEE) (tstamp 614C61BC)
    (at 145.275001 104.345001)
    (descr "Capacitor SMD 0402 (1005 Metric), square (rectangular) end terminal, IPC_7351 nominal, (Body size source: IPC-SM-782 page 76, https://www.pcb-3d.com/wordpress/wp-content/uploads/ipc-sm-782a_amendment_1_and_2.pdf), generated with kicad-footprint-generator")
    (tags capacitor)
    (path /613CE157)
    (attr smd)
    (fp_text reference C4 (at 0 -1.16) (layer F.SilkS)
      (effects (font (size 1 1) (thickness 0.15)))
    )
    (fp_text value 0.1uF (at 0 1.16) (layer F.Fab)
      (effects (font (size 1 1) (thickness 0.15)))
    )
    (fp_line (start 0.91 0.46) (end -0.91 0.46) (layer F.CrtYd) (width 0.05))
    (fp_line (start 0.91 -0.46) (end 0.91 0.46) (layer F.CrtYd) (width 0.05))
    (fp_line (start -0.91 -0.46) (end 0.91 -0.46) (layer F.CrtYd) (width 0.05))
    (fp_line (start -0.91 0.46) (end -0.91 -0.46) (layer F.CrtYd) (width 0.05))
    (fp_line (start -0.107836 0.36) (end 0.107836 0.36) (layer F.SilkS) (width 0.12))
    (fp_line (start -0.107836 -0.36) (end 0.107836 -0.36) (layer F.SilkS) (width 0.12))
    (fp_line (start 0.5 0.25) (end -0.5 0.25) (layer F.Fab) (width 0.1))
    (fp_line (start 0.5 -0.25) (end 0.5 0.25) (layer F.Fab) (width 0.1))
    (fp_line (start -0.5 -0.25) (end 0.5 -0.25) (layer F.Fab) (width 0.1))
    (fp_line (start -0.5 0.25) (end -0.5 -0.25) (layer F.Fab) (width 0.1))
    (fp_text user %R (at 0 0) (layer F.Fab)
      (effects (font (size 0.25 0.25) (thickness 0.04)))
    )
    (pad 1 smd roundrect (at -0.48 0) (size 0.56 0.62) (layers F.Cu F.Paste F.Mask) (roundrect_rratio 0.25)
      (net 2 VCC))
    (pad 2 smd roundrect (at 0.48 0) (size 0.56 0.62) (layers F.Cu F.Paste F.Mask) (roundrect_rratio 0.25)
      (net 1 GND))
    (model ${KISYS3DMOD}/Capacitor_SMD.3dshapes/C_0402_1005Metric.wrl
      (at (xyz 0 0 0))
      (scale (xyz 1 1 1))
      (rotate (xyz 0 0 0))
    )
  )

  (module Capacitor_SMD:C_0402_1005Metric (layer F.Cu) (tedit 5F68FEEE) (tstamp 614C61CD)
    (at 142.405001 106.315001)
    (descr "Capacitor SMD 0402 (1005 Metric), square (rectangular) end terminal, IPC_7351 nominal, (Body size source: IPC-SM-782 page 76, https://www.pcb-3d.com/wordpress/wp-content/uploads/ipc-sm-782a_amendment_1_and_2.pdf), generated with kicad-footprint-generator")
    (tags capacitor)
    (path /613F222F)
    (attr smd)
    (fp_text reference C5 (at 0 -1.16) (layer F.SilkS)
      (effects (font (size 1 1) (thickness 0.15)))
    )
    (fp_text value 220pF (at 0 1.16) (layer F.Fab)
      (effects (font (size 1 1) (thickness 0.15)))
    )
    (fp_text user %R (at 0 0) (layer F.Fab)
      (effects (font (size 0.25 0.25) (thickness 0.04)))
    )
    (fp_line (start -0.5 0.25) (end -0.5 -0.25) (layer F.Fab) (width 0.1))
    (fp_line (start -0.5 -0.25) (end 0.5 -0.25) (layer F.Fab) (width 0.1))
    (fp_line (start 0.5 -0.25) (end 0.5 0.25) (layer F.Fab) (width 0.1))
    (fp_line (start 0.5 0.25) (end -0.5 0.25) (layer F.Fab) (width 0.1))
    (fp_line (start -0.107836 -0.36) (end 0.107836 -0.36) (layer F.SilkS) (width 0.12))
    (fp_line (start -0.107836 0.36) (end 0.107836 0.36) (layer F.SilkS) (width 0.12))
    (fp_line (start -0.91 0.46) (end -0.91 -0.46) (layer F.CrtYd) (width 0.05))
    (fp_line (start -0.91 -0.46) (end 0.91 -0.46) (layer F.CrtYd) (width 0.05))
    (fp_line (start 0.91 -0.46) (end 0.91 0.46) (layer F.CrtYd) (width 0.05))
    (fp_line (start 0.91 0.46) (end -0.91 0.46) (layer F.CrtYd) (width 0.05))
    (pad 2 smd roundrect (at 0.48 0) (size 0.56 0.62) (layers F.Cu F.Paste F.Mask) (roundrect_rratio 0.25)
      (net 1 GND))
    (pad 1 smd roundrect (at -0.48 0) (size 0.56 0.62) (layers F.Cu F.Paste F.Mask) (roundrect_rratio 0.25)
      (net 3 "Net-(C5-Pad1)"))
    (model ${KISYS3DMOD}/Capacitor_SMD.3dshapes/C_0402_1005Metric.wrl
      (at (xyz 0 0 0))
      (scale (xyz 1 1 1))
      (rotate (xyz 0 0 0))
    )
  )

  (module Capacitor_SMD:C_0402_1005Metric (layer F.Cu) (tedit 5F68FEEE) (tstamp 614C61DE)
    (at 139.535001 106.315001)
    (descr "Capacitor SMD 0402 (1005 Metric), square (rectangular) end terminal, IPC_7351 nominal, (Body size source: IPC-SM-782 page 76, https://www.pcb-3d.com/wordpress/wp-content/uploads/ipc-sm-782a_amendment_1_and_2.pdf), generated with kicad-footprint-generator")
    (tags capacitor)
    (path /613F0C79)
    (attr smd)
    (fp_text reference C6 (at 0 -1.16) (layer F.SilkS)
      (effects (font (size 1 1) (thickness 0.15)))
    )
    (fp_text value 220pF (at 0 1.16) (layer F.Fab)
      (effects (font (size 1 1) (thickness 0.15)))
    )
    (fp_text user %R (at 0 0) (layer F.Fab)
      (effects (font (size 0.25 0.25) (thickness 0.04)))
    )
    (fp_line (start -0.5 0.25) (end -0.5 -0.25) (layer F.Fab) (width 0.1))
    (fp_line (start -0.5 -0.25) (end 0.5 -0.25) (layer F.Fab) (width 0.1))
    (fp_line (start 0.5 -0.25) (end 0.5 0.25) (layer F.Fab) (width 0.1))
    (fp_line (start 0.5 0.25) (end -0.5 0.25) (layer F.Fab) (width 0.1))
    (fp_line (start -0.107836 -0.36) (end 0.107836 -0.36) (layer F.SilkS) (width 0.12))
    (fp_line (start -0.107836 0.36) (end 0.107836 0.36) (layer F.SilkS) (width 0.12))
    (fp_line (start -0.91 0.46) (end -0.91 -0.46) (layer F.CrtYd) (width 0.05))
    (fp_line (start -0.91 -0.46) (end 0.91 -0.46) (layer F.CrtYd) (width 0.05))
    (fp_line (start 0.91 -0.46) (end 0.91 0.46) (layer F.CrtYd) (width 0.05))
    (fp_line (start 0.91 0.46) (end -0.91 0.46) (layer F.CrtYd) (width 0.05))
    (pad 2 smd roundrect (at 0.48 0) (size 0.56 0.62) (layers F.Cu F.Paste F.Mask) (roundrect_rratio 0.25)
      (net 1 GND))
    (pad 1 smd roundrect (at -0.48 0) (size 0.56 0.62) (layers F.Cu F.Paste F.Mask) (roundrect_rratio 0.25)
      (net 4 "Net-(C6-Pad1)"))
    (model ${KISYS3DMOD}/Capacitor_SMD.3dshapes/C_0402_1005Metric.wrl
      (at (xyz 0 0 0))
      (scale (xyz 1 1 1))
      (rotate (xyz 0 0 0))
    )
  )

  (module Capacitor_SMD:C_0402_1005Metric (layer F.Cu) (tedit 5F68FEEE) (tstamp 614C61EF)
    (at 139.535001 104.345001)
    (descr "Capacitor SMD 0402 (1005 Metric), square (rectangular) end terminal, IPC_7351 nominal, (Body size source: IPC-SM-782 page 76, https://www.pcb-3d.com/wordpress/wp-content/uploads/ipc-sm-782a_amendment_1_and_2.pdf), generated with kicad-footprint-generator")
    (tags capacitor)
    (path /613EB545)
    (attr smd)
    (fp_text reference C7 (at 0 -1.16) (layer F.SilkS)
      (effects (font (size 1 1) (thickness 0.15)))
    )
    (fp_text value 220pF (at 0 1.16) (layer F.Fab)
      (effects (font (size 1 1) (thickness 0.15)))
    )
    (fp_line (start 0.91 0.46) (end -0.91 0.46) (layer F.CrtYd) (width 0.05))
    (fp_line (start 0.91 -0.46) (end 0.91 0.46) (layer F.CrtYd) (width 0.05))
    (fp_line (start -0.91 -0.46) (end 0.91 -0.46) (layer F.CrtYd) (width 0.05))
    (fp_line (start -0.91 0.46) (end -0.91 -0.46) (layer F.CrtYd) (width 0.05))
    (fp_line (start -0.107836 0.36) (end 0.107836 0.36) (layer F.SilkS) (width 0.12))
    (fp_line (start -0.107836 -0.36) (end 0.107836 -0.36) (layer F.SilkS) (width 0.12))
    (fp_line (start 0.5 0.25) (end -0.5 0.25) (layer F.Fab) (width 0.1))
    (fp_line (start 0.5 -0.25) (end 0.5 0.25) (layer F.Fab) (width 0.1))
    (fp_line (start -0.5 -0.25) (end 0.5 -0.25) (layer F.Fab) (width 0.1))
    (fp_line (start -0.5 0.25) (end -0.5 -0.25) (layer F.Fab) (width 0.1))
    (fp_text user %R (at 0 0) (layer F.Fab)
      (effects (font (size 0.25 0.25) (thickness 0.04)))
    )
    (pad 1 smd roundrect (at -0.48 0) (size 0.56 0.62) (layers F.Cu F.Paste F.Mask) (roundrect_rratio 0.25)
      (net 5 "Net-(C7-Pad1)"))
    (pad 2 smd roundrect (at 0.48 0) (size 0.56 0.62) (layers F.Cu F.Paste F.Mask) (roundrect_rratio 0.25)
      (net 1 GND))
    (model ${KISYS3DMOD}/Capacitor_SMD.3dshapes/C_0402_1005Metric.wrl
      (at (xyz 0 0 0))
      (scale (xyz 1 1 1))
      (rotate (xyz 0 0 0))
    )
  )

  (module Capacitor_SMD:C_0402_1005Metric (layer F.Cu) (tedit 5F68FEEE) (tstamp 614C6200)
    (at 145.275001 106.315001)
    (descr "Capacitor SMD 0402 (1005 Metric), square (rectangular) end terminal, IPC_7351 nominal, (Body size source: IPC-SM-782 page 76, https://www.pcb-3d.com/wordpress/wp-content/uploads/ipc-sm-782a_amendment_1_and_2.pdf), generated with kicad-footprint-generator")
    (tags capacitor)
    (path /613F003A)
    (attr smd)
    (fp_text reference C8 (at 0 -1.16) (layer F.SilkS)
      (effects (font (size 1 1) (thickness 0.15)))
    )
    (fp_text value 220pF (at 0 1.16) (layer F.Fab)
      (effects (font (size 1 1) (thickness 0.15)))
    )
    (fp_text user %R (at 0 0) (layer F.Fab)
      (effects (font (size 0.25 0.25) (thickness 0.04)))
    )
    (fp_line (start -0.5 0.25) (end -0.5 -0.25) (layer F.Fab) (width 0.1))
    (fp_line (start -0.5 -0.25) (end 0.5 -0.25) (layer F.Fab) (width 0.1))
    (fp_line (start 0.5 -0.25) (end 0.5 0.25) (layer F.Fab) (width 0.1))
    (fp_line (start 0.5 0.25) (end -0.5 0.25) (layer F.Fab) (width 0.1))
    (fp_line (start -0.107836 -0.36) (end 0.107836 -0.36) (layer F.SilkS) (width 0.12))
    (fp_line (start -0.107836 0.36) (end 0.107836 0.36) (layer F.SilkS) (width 0.12))
    (fp_line (start -0.91 0.46) (end -0.91 -0.46) (layer F.CrtYd) (width 0.05))
    (fp_line (start -0.91 -0.46) (end 0.91 -0.46) (layer F.CrtYd) (width 0.05))
    (fp_line (start 0.91 -0.46) (end 0.91 0.46) (layer F.CrtYd) (width 0.05))
    (fp_line (start 0.91 0.46) (end -0.91 0.46) (layer F.CrtYd) (width 0.05))
    (pad 2 smd roundrect (at 0.48 0) (size 0.56 0.62) (layers F.Cu F.Paste F.Mask) (roundrect_rratio 0.25)
      (net 1 GND))
    (pad 1 smd roundrect (at -0.48 0) (size 0.56 0.62) (layers F.Cu F.Paste F.Mask) (roundrect_rratio 0.25)
      (net 6 "Net-(C8-Pad1)"))
    (model ${KISYS3DMOD}/Capacitor_SMD.3dshapes/C_0402_1005Metric.wrl
      (at (xyz 0 0 0))
      (scale (xyz 1 1 1))
      (rotate (xyz 0 0 0))
    )
  )

  (module Ferrite_THT:LairdTech_28C0236-0JW-10 (layer F.Cu) (tedit 5C2E01C7) (tstamp 614C6211)
    (at 140.027833 89.965001)
    (descr "Ferrite, vertical, LairdTech 28C0236-0JW-10, https://assets.lairdtech.com/home/brandworld/files/28C0236-0JW-10.pdf, JW Miller core https://www.bourns.com/products/magnetic-products/j.w.-miller-through-hole-ferrite-beads-emi-filters")
    (tags "Ferrite vertical LairdTech 28C0236-0JW-10")
    (path /613E8413)
    (fp_text reference FB1 (at 2.54 -4.064) (layer F.SilkS)
      (effects (font (size 1 1) (thickness 0.15)))
    )
    (fp_text value Ferrite (at 2.54 4.953) (layer F.Fab)
      (effects (font (size 1 1) (thickness 0.15)))
    )
    (fp_line (start 0 1.145) (end 5.08 1.145) (layer F.Fab) (width 0.1))
    (fp_line (start 0 -1.145) (end 5.08 -1.145) (layer F.Fab) (width 0.1))
    (fp_circle (center 2.54 0) (end 6.48 0) (layer F.CrtYd) (width 0.05))
    (fp_circle (center 2.54 0) (end 5.54 0) (layer F.Fab) (width 0.1))
    (fp_text user %R (at 2.54 0) (layer F.Fab)
      (effects (font (size 1 1) (thickness 0.15)))
    )
    (fp_arc (start 2.54 0) (end 0.254 2.286) (angle -96.34019175) (layer F.SilkS) (width 0.12))
    (fp_arc (start 2.54 0) (end 5.08 -2.032) (angle -96.34019175) (layer F.SilkS) (width 0.12))
    (fp_arc (start 5.08 0) (end 5.588 1.27) (angle -136.397181) (layer F.SilkS) (width 0.12))
    (fp_arc (start 0 0) (end -0.508 -1.27) (angle -136.397181) (layer F.SilkS) (width 0.12))
    (fp_arc (start 0 0) (end 0 -1.145) (angle -180) (layer F.Fab) (width 0.1))
    (fp_arc (start 5.08 0) (end 5.08 1.145) (angle -180) (layer F.Fab) (width 0.1))
    (pad 2 thru_hole circle (at 5.08 0) (size 2 2) (drill 0.8) (layers *.Cu *.Mask)
      (net 3 "Net-(C5-Pad1)"))
    (pad 1 thru_hole circle (at 0 0) (size 2 2) (drill 0.8) (layers *.Cu *.Mask)
      (net 7 "Net-(FB1-Pad1)"))
    (model ${KISYS3DMOD}/Ferrite_THT.3dshapes/LairdTech_28C0236-0JW-10.wrl
      (at (xyz 0 0 0))
      (scale (xyz 1 1 1))
      (rotate (xyz 0 0 0))
    )
  )

  (module Ferrite_THT:LairdTech_28C0236-0JW-10 (layer F.Cu) (tedit 5C2E01C7) (tstamp 614C6222)
    (at 148.957833 89.965001)
    (descr "Ferrite, vertical, LairdTech 28C0236-0JW-10, https://assets.lairdtech.com/home/brandworld/files/28C0236-0JW-10.pdf, JW Miller core https://www.bourns.com/products/magnetic-products/j.w.-miller-through-hole-ferrite-beads-emi-filters")
    (tags "Ferrite vertical LairdTech 28C0236-0JW-10")
    (path /613E840D)
    (fp_text reference FB2 (at 2.54 -4.064) (layer F.SilkS)
      (effects (font (size 1 1) (thickness 0.15)))
    )
    (fp_text value Ferrite (at 2.54 4.953) (layer F.Fab)
      (effects (font (size 1 1) (thickness 0.15)))
    )
    (fp_line (start 0 1.145) (end 5.08 1.145) (layer F.Fab) (width 0.1))
    (fp_line (start 0 -1.145) (end 5.08 -1.145) (layer F.Fab) (width 0.1))
    (fp_circle (center 2.54 0) (end 6.48 0) (layer F.CrtYd) (width 0.05))
    (fp_circle (center 2.54 0) (end 5.54 0) (layer F.Fab) (width 0.1))
    (fp_text user %R (at 2.54 0) (layer F.Fab)
      (effects (font (size 1 1) (thickness 0.15)))
    )
    (fp_arc (start 2.54 0) (end 0.254 2.286) (angle -96.34019175) (layer F.SilkS) (width 0.12))
    (fp_arc (start 2.54 0) (end 5.08 -2.032) (angle -96.34019175) (layer F.SilkS) (width 0.12))
    (fp_arc (start 5.08 0) (end 5.588 1.27) (angle -136.397181) (layer F.SilkS) (width 0.12))
    (fp_arc (start 0 0) (end -0.508 -1.27) (angle -136.397181) (layer F.SilkS) (width 0.12))
    (fp_arc (start 0 0) (end 0 -1.145) (angle -180) (layer F.Fab) (width 0.1))
    (fp_arc (start 5.08 0) (end 5.08 1.145) (angle -180) (layer F.Fab) (width 0.1))
    (pad 2 thru_hole circle (at 5.08 0) (size 2 2) (drill 0.8) (layers *.Cu *.Mask)
      (net 4 "Net-(C6-Pad1)"))
    (pad 1 thru_hole circle (at 0 0) (size 2 2) (drill 0.8) (layers *.Cu *.Mask)
      (net 8 "Net-(FB2-Pad1)"))
    (model ${KISYS3DMOD}/Ferrite_THT.3dshapes/LairdTech_28C0236-0JW-10.wrl
      (at (xyz 0 0 0))
      (scale (xyz 1 1 1))
      (rotate (xyz 0 0 0))
    )
  )

  (module Ferrite_THT:LairdTech_28C0236-0JW-10 (layer F.Cu) (tedit 5C2E01C7) (tstamp 614C6233)
    (at 140.027833 98.895001)
    (descr "Ferrite, vertical, LairdTech 28C0236-0JW-10, https://assets.lairdtech.com/home/brandworld/files/28C0236-0JW-10.pdf, JW Miller core https://www.bourns.com/products/magnetic-products/j.w.-miller-through-hole-ferrite-beads-emi-filters")
    (tags "Ferrite vertical LairdTech 28C0236-0JW-10")
    (path /613E2A5F)
    (fp_text reference FB3 (at 2.54 -4.064) (layer F.SilkS)
      (effects (font (size 1 1) (thickness 0.15)))
    )
    (fp_text value Ferrite (at 2.54 4.953) (layer F.Fab)
      (effects (font (size 1 1) (thickness 0.15)))
    )
    (fp_arc (start 5.08 0) (end 5.08 1.145) (angle -180) (layer F.Fab) (width 0.1))
    (fp_arc (start 0 0) (end 0 -1.145) (angle -180) (layer F.Fab) (width 0.1))
    (fp_arc (start 0 0) (end -0.508 -1.27) (angle -136.397181) (layer F.SilkS) (width 0.12))
    (fp_arc (start 5.08 0) (end 5.588 1.27) (angle -136.397181) (layer F.SilkS) (width 0.12))
    (fp_arc (start 2.54 0) (end 5.08 -2.032) (angle -96.34019175) (layer F.SilkS) (width 0.12))
    (fp_arc (start 2.54 0) (end 0.254 2.286) (angle -96.34019175) (layer F.SilkS) (width 0.12))
    (fp_text user %R (at 2.54 0) (layer F.Fab)
      (effects (font (size 1 1) (thickness 0.15)))
    )
    (fp_circle (center 2.54 0) (end 5.54 0) (layer F.Fab) (width 0.1))
    (fp_circle (center 2.54 0) (end 6.48 0) (layer F.CrtYd) (width 0.05))
    (fp_line (start 0 -1.145) (end 5.08 -1.145) (layer F.Fab) (width 0.1))
    (fp_line (start 0 1.145) (end 5.08 1.145) (layer F.Fab) (width 0.1))
    (pad 1 thru_hole circle (at 0 0) (size 2 2) (drill 0.8) (layers *.Cu *.Mask)
      (net 9 "Net-(FB3-Pad1)"))
    (pad 2 thru_hole circle (at 5.08 0) (size 2 2) (drill 0.8) (layers *.Cu *.Mask)
      (net 5 "Net-(C7-Pad1)"))
    (model ${KISYS3DMOD}/Ferrite_THT.3dshapes/LairdTech_28C0236-0JW-10.wrl
      (at (xyz 0 0 0))
      (scale (xyz 1 1 1))
      (rotate (xyz 0 0 0))
    )
  )

  (module Ferrite_THT:LairdTech_28C0236-0JW-10 (layer F.Cu) (tedit 5C2E01C7) (tstamp 614C6244)
    (at 148.957833 98.895001)
    (descr "Ferrite, vertical, LairdTech 28C0236-0JW-10, https://assets.lairdtech.com/home/brandworld/files/28C0236-0JW-10.pdf, JW Miller core https://www.bourns.com/products/magnetic-products/j.w.-miller-through-hole-ferrite-beads-emi-filters")
    (tags "Ferrite vertical LairdTech 28C0236-0JW-10")
    (path /613D9324)
    (fp_text reference FB4 (at 2.54 -4.064) (layer F.SilkS)
      (effects (font (size 1 1) (thickness 0.15)))
    )
    (fp_text value Ferrite (at 2.54 4.953) (layer F.Fab)
      (effects (font (size 1 1) (thickness 0.15)))
    )
    (fp_arc (start 5.08 0) (end 5.08 1.145) (angle -180) (layer F.Fab) (width 0.1))
    (fp_arc (start 0 0) (end 0 -1.145) (angle -180) (layer F.Fab) (width 0.1))
    (fp_arc (start 0 0) (end -0.508 -1.27) (angle -136.397181) (layer F.SilkS) (width 0.12))
    (fp_arc (start 5.08 0) (end 5.588 1.27) (angle -136.397181) (layer F.SilkS) (width 0.12))
    (fp_arc (start 2.54 0) (end 5.08 -2.032) (angle -96.34019175) (layer F.SilkS) (width 0.12))
    (fp_arc (start 2.54 0) (end 0.254 2.286) (angle -96.34019175) (layer F.SilkS) (width 0.12))
    (fp_text user %R (at 2.54 0) (layer F.Fab)
      (effects (font (size 1 1) (thickness 0.15)))
    )
    (fp_circle (center 2.54 0) (end 5.54 0) (layer F.Fab) (width 0.1))
    (fp_circle (center 2.54 0) (end 6.48 0) (layer F.CrtYd) (width 0.05))
    (fp_line (start 0 -1.145) (end 5.08 -1.145) (layer F.Fab) (width 0.1))
    (fp_line (start 0 1.145) (end 5.08 1.145) (layer F.Fab) (width 0.1))
    (pad 1 thru_hole circle (at 0 0) (size 2 2) (drill 0.8) (layers *.Cu *.Mask)
      (net 10 "Net-(FB4-Pad1)"))
    (pad 2 thru_hole circle (at 5.08 0) (size 2 2) (drill 0.8) (layers *.Cu *.Mask)
      (net 6 "Net-(C8-Pad1)"))
    (model ${KISYS3DMOD}/Ferrite_THT.3dshapes/LairdTech_28C0236-0JW-10.wrl
      (at (xyz 0 0 0))
      (scale (xyz 1 1 1))
      (rotate (xyz 0 0 0))
    )
  )

  (module Fiducial:Fiducial_0.5mm_Mask1mm (layer F.Cu) (tedit 5C18CB26) (tstamp 614C624C)
    (at 155.955001 105.425001)
    (descr "Circular Fiducial, 0.5mm bare copper, 1mm soldermask opening (Level C)")
    (tags fiducial)
    (path /6154A364)
    (attr smd)
    (fp_text reference FID1 (at 0 -1.5) (layer F.SilkS)
      (effects (font (size 1 1) (thickness 0.15)))
    )
    (fp_text value Fiducial (at 0 1.5) (layer F.Fab)
      (effects (font (size 1 1) (thickness 0.15)))
    )
    (fp_text user %R (at 0 0) (layer F.Fab)
      (effects (font (size 0.2 0.2) (thickness 0.04)))
    )
    (fp_circle (center 0 0) (end 0.5 0) (layer F.Fab) (width 0.1))
    (fp_circle (center 0 0) (end 0.75 0) (layer F.CrtYd) (width 0.05))
    (pad "" smd circle (at 0 0) (size 0.5 0.5) (layers F.Cu F.Mask)
      (solder_mask_margin 0.25) (clearance 0.25))
  )

  (module Fiducial:Fiducial_0.5mm_Mask1mm (layer F.Cu) (tedit 5C18CB26) (tstamp 614C6254)
    (at 150.855001 104.635001)
    (descr "Circular Fiducial, 0.5mm bare copper, 1mm soldermask opening (Level C)")
    (tags fiducial)
    (path /6154D726)
    (attr smd)
    (fp_text reference FID2 (at 0 -1.5) (layer F.SilkS)
      (effects (font (size 1 1) (thickness 0.15)))
    )
    (fp_text value Fiducial (at 0 1.5) (layer F.Fab)
      (effects (font (size 1 1) (thickness 0.15)))
    )
    (fp_text user %R (at 0 0) (layer F.Fab)
      (effects (font (size 0.2 0.2) (thickness 0.04)))
    )
    (fp_circle (center 0 0) (end 0.5 0) (layer F.Fab) (width 0.1))
    (fp_circle (center 0 0) (end 0.75 0) (layer F.CrtYd) (width 0.05))
    (pad "" smd circle (at 0 0) (size 0.5 0.5) (layers F.Cu F.Mask)
      (solder_mask_margin 0.25) (clearance 0.25))
  )

  (module Fiducial:Fiducial_0.5mm_Mask1mm (layer F.Cu) (tedit 5C18CB26) (tstamp 614C625C)
    (at 153.405001 104.635001)
    (descr "Circular Fiducial, 0.5mm bare copper, 1mm soldermask opening (Level C)")
    (tags fiducial)
    (path /6154B15E)
    (attr smd)
    (fp_text reference FID3 (at 0 -1.5) (layer F.SilkS)
      (effects (font (size 1 1) (thickness 0.15)))
    )
    (fp_text value Fiducial (at 0 1.5) (layer F.Fab)
      (effects (font (size 1 1) (thickness 0.15)))
    )
    (fp_circle (center 0 0) (end 0.75 0) (layer F.CrtYd) (width 0.05))
    (fp_circle (center 0 0) (end 0.5 0) (layer F.Fab) (width 0.1))
    (fp_text user %R (at 0 0) (layer F.Fab)
      (effects (font (size 0.2 0.2) (thickness 0.04)))
    )
    (pad "" smd circle (at 0 0) (size 0.5 0.5) (layers F.Cu F.Mask)
      (solder_mask_margin 0.25) (clearance 0.25))
  )

  (module Fiducial:Fiducial_0.5mm_Mask1mm (layer F.Cu) (tedit 5C18CB26) (tstamp 614C6264)
    (at 168.335001 95.025001)
    (descr "Circular Fiducial, 0.5mm bare copper, 1mm soldermask opening (Level C)")
    (tags fiducial)
    (path /6154F9A8)
    (attr smd)
    (fp_text reference FID4 (at 0 -1.5) (layer F.SilkS)
      (effects (font (size 1 1) (thickness 0.15)))
    )
    (fp_text value Fiducial (at 0 1.5) (layer F.Fab)
      (effects (font (size 1 1) (thickness 0.15)))
    )
    (fp_circle (center 0 0) (end 0.75 0) (layer F.CrtYd) (width 0.05))
    (fp_circle (center 0 0) (end 0.5 0) (layer F.Fab) (width 0.1))
    (fp_text user %R (at 0 0) (layer F.Fab)
      (effects (font (size 0.2 0.2) (thickness 0.04)))
    )
    (pad "" smd circle (at 0 0) (size 0.5 0.5) (layers F.Cu F.Mask)
      (solder_mask_margin 0.25) (clearance 0.25))
  )

  (module MountingHole:MountingHole_2mm (layer F.Cu) (tedit 5B924920) (tstamp 614C626C)
    (at 164.285001 101.375001)
    (descr "Mounting Hole 2mm, no annular")
    (tags "mounting hole 2mm no annular")
    (path /6154663C)
    (attr virtual)
    (fp_text reference H1 (at 0 -3.2) (layer F.SilkS)
      (effects (font (size 1 1) (thickness 0.15)))
    )
    (fp_text value MountingHole (at 0 3.1) (layer F.Fab)
      (effects (font (size 1 1) (thickness 0.15)))
    )
    (fp_text user %R (at 0.3 0) (layer F.Fab)
      (effects (font (size 1 1) (thickness 0.15)))
    )
    (fp_circle (center 0 0) (end 2 0) (layer Cmts.User) (width 0.15))
    (fp_circle (center 0 0) (end 2.25 0) (layer F.CrtYd) (width 0.05))
    (pad "" np_thru_hole circle (at 0 0) (size 2 2) (drill 2) (layers *.Cu *.Mask))
  )

  (module MountingHole:MountingHole_2mm (layer F.Cu) (tedit 5B924920) (tstamp 614C6274)
    (at 158.735001 101.375001)
    (descr "Mounting Hole 2mm, no annular")
    (tags "mounting hole 2mm no annular")
    (path /615478E5)
    (attr virtual)
    (fp_text reference H2 (at 0 -3.2) (layer F.SilkS)
      (effects (font (size 1 1) (thickness 0.15)))
    )
    (fp_text value MountingHole (at 0 3.1) (layer F.Fab)
      (effects (font (size 1 1) (thickness 0.15)))
    )
    (fp_circle (center 0 0) (end 2.25 0) (layer F.CrtYd) (width 0.05))
    (fp_circle (center 0 0) (end 2 0) (layer Cmts.User) (width 0.15))
    (fp_text user %R (at 0.3 0) (layer F.Fab)
      (effects (font (size 1 1) (thickness 0.15)))
    )
    (pad "" np_thru_hole circle (at 0 0) (size 2 2) (drill 2) (layers *.Cu *.Mask))
  )

  (module Connector_PinSocket_2.54mm:PinSocket_1x07_P2.54mm_Vertical (layer F.Cu) (tedit 5A19A433) (tstamp 614C628F)
    (at 135.825001 87.825001)
    (descr "Through hole straight socket strip, 1x07, 2.54mm pitch, single row (from Kicad 4.0.7), script generated")
    (tags "Through hole socket strip THT 1x07 2.54mm single row")
    (path /614C06CB)
    (fp_text reference J1 (at 0 -2.77) (layer F.SilkS)
      (effects (font (size 1 1) (thickness 0.15)))
    )
    (fp_text value Conn_01x07 (at 0 18.01) (layer F.Fab)
      (effects (font (size 1 1) (thickness 0.15)))
    )
    (fp_line (start -1.8 17) (end -1.8 -1.8) (layer F.CrtYd) (width 0.05))
    (fp_line (start 1.75 17) (end -1.8 17) (layer F.CrtYd) (width 0.05))
    (fp_line (start 1.75 -1.8) (end 1.75 17) (layer F.CrtYd) (width 0.05))
    (fp_line (start -1.8 -1.8) (end 1.75 -1.8) (layer F.CrtYd) (width 0.05))
    (fp_line (start 0 -1.33) (end 1.33 -1.33) (layer F.SilkS) (width 0.12))
    (fp_line (start 1.33 -1.33) (end 1.33 0) (layer F.SilkS) (width 0.12))
    (fp_line (start 1.33 1.27) (end 1.33 16.57) (layer F.SilkS) (width 0.12))
    (fp_line (start -1.33 16.57) (end 1.33 16.57) (layer F.SilkS) (width 0.12))
    (fp_line (start -1.33 1.27) (end -1.33 16.57) (layer F.SilkS) (width 0.12))
    (fp_line (start -1.33 1.27) (end 1.33 1.27) (layer F.SilkS) (width 0.12))
    (fp_line (start -1.27 16.51) (end -1.27 -1.27) (layer F.Fab) (width 0.1))
    (fp_line (start 1.27 16.51) (end -1.27 16.51) (layer F.Fab) (width 0.1))
    (fp_line (start 1.27 -0.635) (end 1.27 16.51) (layer F.Fab) (width 0.1))
    (fp_line (start 0.635 -1.27) (end 1.27 -0.635) (layer F.Fab) (width 0.1))
    (fp_line (start -1.27 -1.27) (end 0.635 -1.27) (layer F.Fab) (width 0.1))
    (fp_text user %R (at 0 7.62 90) (layer F.Fab)
      (effects (font (size 1 1) (thickness 0.15)))
    )
    (pad 1 thru_hole rect (at 0 0) (size 1.7 1.7) (drill 1) (layers *.Cu *.Mask)
      (net 2 VCC))
    (pad 2 thru_hole oval (at 0 2.54) (size 1.7 1.7) (drill 1) (layers *.Cu *.Mask)
      (net 1 GND))
    (pad 3 thru_hole oval (at 0 5.08) (size 1.7 1.7) (drill 1) (layers *.Cu *.Mask)
      (net 11 /SD_MODE))
    (pad 4 thru_hole oval (at 0 7.62) (size 1.7 1.7) (drill 1) (layers *.Cu *.Mask)
      (net 12 /GAIN))
    (pad 5 thru_hole oval (at 0 10.16) (size 1.7 1.7) (drill 1) (layers *.Cu *.Mask)
      (net 13 /DIN))
    (pad 6 thru_hole oval (at 0 12.7) (size 1.7 1.7) (drill 1) (layers *.Cu *.Mask)
      (net 14 /BCLK))
    (pad 7 thru_hole oval (at 0 15.24) (size 1.7 1.7) (drill 1) (layers *.Cu *.Mask)
      (net 15 /LRCLK))
    (model ${KISYS3DMOD}/Connector_PinSocket_2.54mm.3dshapes/PinSocket_1x07_P2.54mm_Vertical.wrl
      (at (xyz 0 0 0))
      (scale (xyz 1 1 1))
      (rotate (xyz 0 0 0))
    )
  )

  (module TerminalBlock_Phoenix:TerminalBlock_Phoenix_MPT-0,5-2-2.54_1x02_P2.54mm_Horizontal (layer F.Cu) (tedit 5B294F98) (tstamp 614C62B5)
    (at 166.075001 89.625001)
    (descr "Terminal Block Phoenix MPT-0,5-2-2.54, 2 pins, pitch 2.54mm, size 5.54x6.2mm^2, drill diamater 1.1mm, pad diameter 2.2mm, see http://www.mouser.com/ds/2/324/ItemDetail_1725656-920552.pdf, script-generated using https://github.com/pointhi/kicad-footprint-generator/scripts/TerminalBlock_Phoenix")
    (tags "THT Terminal Block Phoenix MPT-0,5-2-2.54 pitch 2.54mm size 5.54x6.2mm^2 drill 1.1mm pad 2.2mm")
    (path /614E3FAA)
    (fp_text reference J2 (at 1.27 -4.16) (layer F.SilkS)
      (effects (font (size 1 1) (thickness 0.15)))
    )
    (fp_text value Conn_01x02 (at 1.27 4.16) (layer F.Fab)
      (effects (font (size 1 1) (thickness 0.15)))
    )
    (fp_text user %R (at 1.27 2) (layer F.Fab)
      (effects (font (size 1 1) (thickness 0.15)))
    )
    (fp_circle (center 0 0) (end 1.1 0) (layer F.Fab) (width 0.1))
    (fp_circle (center 2.54 0) (end 3.64 0) (layer F.Fab) (width 0.1))
    (fp_line (start -1.5 -3.1) (end 4.04 -3.1) (layer F.Fab) (width 0.1))
    (fp_line (start 4.04 -3.1) (end 4.04 3.1) (layer F.Fab) (width 0.1))
    (fp_line (start 4.04 3.1) (end -1 3.1) (layer F.Fab) (width 0.1))
    (fp_line (start -1 3.1) (end -1.5 2.6) (layer F.Fab) (width 0.1))
    (fp_line (start -1.5 2.6) (end -1.5 -3.1) (layer F.Fab) (width 0.1))
    (fp_line (start -1.5 2.6) (end 4.04 2.6) (layer F.Fab) (width 0.1))
    (fp_line (start -1.56 2.6) (end -0.79 2.6) (layer F.SilkS) (width 0.12))
    (fp_line (start 0.79 2.6) (end 1.75 2.6) (layer F.SilkS) (width 0.12))
    (fp_line (start 3.33 2.6) (end 4.1 2.6) (layer F.SilkS) (width 0.12))
    (fp_line (start -1.5 -2.7) (end 4.04 -2.7) (layer F.Fab) (width 0.1))
    (fp_line (start -1.56 -2.7) (end 4.1 -2.7) (layer F.SilkS) (width 0.12))
    (fp_line (start -1.56 -3.16) (end 4.1 -3.16) (layer F.SilkS) (width 0.12))
    (fp_line (start -1.56 3.16) (end -0.79 3.16) (layer F.SilkS) (width 0.12))
    (fp_line (start 0.79 3.16) (end 1.75 3.16) (layer F.SilkS) (width 0.12))
    (fp_line (start 3.33 3.16) (end 4.1 3.16) (layer F.SilkS) (width 0.12))
    (fp_line (start -1.56 -3.16) (end -1.56 3.16) (layer F.SilkS) (width 0.12))
    (fp_line (start 4.1 -3.16) (end 4.1 3.16) (layer F.SilkS) (width 0.12))
    (fp_line (start 0.835 -0.7) (end -0.701 0.835) (layer F.Fab) (width 0.1))
    (fp_line (start 0.701 -0.835) (end -0.835 0.7) (layer F.Fab) (width 0.1))
    (fp_line (start 3.375 -0.7) (end 1.84 0.835) (layer F.Fab) (width 0.1))
    (fp_line (start 3.241 -0.835) (end 1.706 0.7) (layer F.Fab) (width 0.1))
    (fp_line (start -1.8 2.66) (end -1.8 3.4) (layer F.SilkS) (width 0.12))
    (fp_line (start -1.8 3.4) (end -1.3 3.4) (layer F.SilkS) (width 0.12))
    (fp_line (start -2 -3.6) (end -2 3.6) (layer F.CrtYd) (width 0.05))
    (fp_line (start -2 3.6) (end 4.54 3.6) (layer F.CrtYd) (width 0.05))
    (fp_line (start 4.54 3.6) (end 4.54 -3.6) (layer F.CrtYd) (width 0.05))
    (fp_line (start 4.54 -3.6) (end -2 -3.6) (layer F.CrtYd) (width 0.05))
    (pad "" np_thru_hole circle (at 2.54 2.54) (size 1.1 1.1) (drill 1.1) (layers *.Cu *.Mask))
    (pad 2 thru_hole circle (at 2.54 0) (size 2.2 2.2) (drill 1.1) (layers *.Cu *.Mask)
      (net 4 "Net-(C6-Pad1)"))
    (pad "" np_thru_hole circle (at 0 2.54) (size 1.1 1.1) (drill 1.1) (layers *.Cu *.Mask))
    (pad 1 thru_hole rect (at 0 0) (size 2.2 2.2) (drill 1.1) (layers *.Cu *.Mask)
      (net 3 "Net-(C5-Pad1)"))
    (model ${KISYS3DMOD}/TerminalBlock_Phoenix.3dshapes/TerminalBlock_Phoenix_MPT-0,5-2-2.54_1x02_P2.54mm_Horizontal.wrl
      (at (xyz 0 0 0))
      (scale (xyz 1 1 1))
      (rotate (xyz 0 0 0))
    )
  )

  (module TerminalBlock_Phoenix:TerminalBlock_Phoenix_MPT-0,5-2-2.54_1x02_P2.54mm_Horizontal (layer F.Cu) (tedit 5B294F98) (tstamp 614C62DB)
    (at 158.485001 89.625001)
    (descr "Terminal Block Phoenix MPT-0,5-2-2.54, 2 pins, pitch 2.54mm, size 5.54x6.2mm^2, drill diamater 1.1mm, pad diameter 2.2mm, see http://www.mouser.com/ds/2/324/ItemDetail_1725656-920552.pdf, script-generated using https://github.com/pointhi/kicad-footprint-generator/scripts/TerminalBlock_Phoenix")
    (tags "THT Terminal Block Phoenix MPT-0,5-2-2.54 pitch 2.54mm size 5.54x6.2mm^2 drill 1.1mm pad 2.2mm")
    (path /614E5908)
    (fp_text reference J3 (at 1.27 -4.16) (layer F.SilkS)
      (effects (font (size 1 1) (thickness 0.15)))
    )
    (fp_text value Conn_01x02 (at 1.27 4.16) (layer F.Fab)
      (effects (font (size 1 1) (thickness 0.15)))
    )
    (fp_line (start 4.54 -3.6) (end -2 -3.6) (layer F.CrtYd) (width 0.05))
    (fp_line (start 4.54 3.6) (end 4.54 -3.6) (layer F.CrtYd) (width 0.05))
    (fp_line (start -2 3.6) (end 4.54 3.6) (layer F.CrtYd) (width 0.05))
    (fp_line (start -2 -3.6) (end -2 3.6) (layer F.CrtYd) (width 0.05))
    (fp_line (start -1.8 3.4) (end -1.3 3.4) (layer F.SilkS) (width 0.12))
    (fp_line (start -1.8 2.66) (end -1.8 3.4) (layer F.SilkS) (width 0.12))
    (fp_line (start 3.241 -0.835) (end 1.706 0.7) (layer F.Fab) (width 0.1))
    (fp_line (start 3.375 -0.7) (end 1.84 0.835) (layer F.Fab) (width 0.1))
    (fp_line (start 0.701 -0.835) (end -0.835 0.7) (layer F.Fab) (width 0.1))
